2816
2
2215
1563
1475
2017
1532
2313
2584
1299
180
132
2730
649
2693
1717
2663
422
957
547
90
3066
3046
346
2345
2470
1657
1658
290
2512
1631
2917
1543
1469
2736
2952
2807
2556
1690
1270
2830
397
1687
3014
2687
803
814
2402
1384
584
3057
279
266
1871
2826
2986
1276
495
2583
2140
3049
528
1195
2810
1127
1140
29
858
1265
2596
48
1337
534
1743
820
1857
1586
1222
623
1880
153
154
2993
2654
1644
2240
1710
2916
3038
1187
511
2871
1951
714
2473
54
3098
1174
2564
2962
2201
1814
2028
1825
2838
2787
1552
1
595
830
2678
1984
1355
2401
660
297
2803
703
2051
813
1721
1767
2954
2590
2519
2190
749
2705
182
921
1754
2934
2608
1117
2032
1593
1534
2804
1448
1893
47
1199
1077
2850
1264
1881
603
133
2075
2170
2177
2510
2779
3016
2070
1056
2500
357
343
2675
2025
362
1970
2439
2892
1266
391
222
1133
945
1843
2310
911
1683
3036
702
211
1537
1038
1383
2939
1594
2875
271
615
1653
3047
1095
2508
1369
869
1845
759
3074
1904
1416
2949
3012
2412
997
1895
626
2426
142
2989
113
2692
1385
3028
2904
2251
1328
1516
2333
3007
2896
2007
1944
1160
2071
1394
699
2586
1012
2992
388
3023
2135
2209
1257
1884
1204
666
2994
2942
2338
1134
2468
931
2681
102
351
1389
2766
2673
1656
2912
893
1482
2472
1538
2560
1201
1407
40
2040
2242
1502
2670
2777
1137
1833
2959
1883
1432
2366
488
152
1006
2704
1571
1839
1902
940
3044
2163
1900
1171
2316
2781
75
315
638
1390
293
168
713
2859
1661
355
2947
2813
484
828
644
1744
1027
2988
2532
112
464
526
1015
64
2728
954
2725
2492
1101
508
469
1849
1809
1281
3084
1703
500
335
2061
655
775
920
1641
1665
498
1983
2259
68
654
922
874
1272
2133
425
3075
1200
127
726
2274
2474
1074
213
504
694
2191
1408
2877
1336
285
1912
2173
1617
1452
2212
1191
1310
1162
2552
237
3096
2768
1558
740
966
3099
1296
1725
1453
1927
2539
2286
2078
1197
860
1179
2235
1498
87
1672
1785
590
2515
3045
2551
2080
2953
1771
366
493
31
1834
1221
1773
207
1541
635
1415
231
2453
1388
925
1589
2621
272
1819
1233
1248
389
2320
2267
453
476
1145
845
46
3011
1320
2065
2093
1994
673
2024
1801
1783
1643
11
85
1909
2638
1564
1907
1622
2581
864
561
2789
1339
1668
239
2223
1854
2467
518
27
195
2072
2722
2620
2538
821
1727
1026
2649
2018
876
2390
1323
235
2610
2897
2458
1799
1169
2878
2027
1496
2335
1520
255
2643
120
1255
514
1035
3042
1733
1256
1528
2202
35
1931
3006
2765
2360
1566
2057
2203
1467
2553
1960
173
515
1527
1357
1676
166
1740
3100
3041
2836
1138
2082
2870
1436
1360
1772
799
456
41
319
815
264
44
2168
890
935
1680
437
2601
2828
533
84
192
1981
1851
2375
387
2081
2580
706
1875
1756
1804
160
1387
744
194
320
2413
2535
964
2463
1231
614
974
989
1678
1737
2734
2894
1708
1163
2087
103
2957
2628
74
1477
937
2491
2475
1698
383
185
2721
2169
350
1709
1925
2511
1655
316
2648
460
2502
662
2997
2727
1718
1402
2761
135
65
1302
1995
2925
1009
337
1444
1559
446
811
2371
1052
2543
970
2752
2588
2434
2264
2719
1500
3001
857
217
529
1065
1874
2369
1100
2799
1621
2735
1620
1685
856
2486
2352
2594
1745
242
810
2607
2294
927
2232
1440
62
1104
1004
2671
1779
2289
2837
2451
1037
825
1990
313
2557
2444
1597
63
2105
2396
2745
1186
1956
1716
1180
569
1860
618
161
1794
2114
18
1505
643
70
2446
1110
341
2034
2645
2936
1515
403
704
2076
421
802
1864
2089
1254
499
2391
1236
1813
1490
25
619
2196
196
2001
1434
627
973
2821
122
1228
304
1491
2981
1023
1866
2843
253
663
2008
1149
686
1096
1509
683
2774
2433
1454
524
2842
1736
1071
91
2388
1924
2589
119
1648
2614
1763
66
1915
2110
3091
2792
1112
1041
191
1151
2337
1633
1840
790
480
978
895
850
2800
776
443
475
114
339
996
86
2600
1774
2347
826
2183
1852
274
1238
577
2668
2193
1039
2416
1470
2667
1675
2459
2647
1131
2026
380
2591
586
2874
1351
2359
2982
932
2731
2152
2480
3059
3058
1458
3013
1679
2002
1040
1749
2182
1605
307
2365
1826
2044
622
2188
1430
424
2376
22
575
846
3076
2357
1510
2637
2818
301
58
2847
227
781
767
17
2999
992
1054
573
2037
2367
1395
2797
778
2020
1141
296
2516
1156
929
116
420
1401
2825
1677
76
1330
765
999
2211
2120
2714
1317
669
2144
3069
865
1556
1879
1842
1260
3054
1832
958
599
2809
2732
1635
944
439
2054
248
959
1638
2127
1442
1030
867
1275
26
1190
260
732
2270
1885
400
1713
581
583
1224
2066
1245
2968
2911
2616
791
1997
645
33
1441
968
2790
1471
2248
1588
2216
2314
738
602
1120
502
1283
2674
601
1119
2303
80
1859
2003
261
2181
2279
926
2754
986
303
896
197
1031
2395
386
2888
2530
808
794
2805
501
1144
2755
682
880
1579
1726
2495
1417
1354
2109
2513
2524
1572
1380
1525
565
467
1926
1795
1731
1150
2726
2096
3082
1303
1397
188
1393
1606
548
2053
165
1451
2729
1788
1192
1992
2214
286
3020
1064
559
563
792
1517
101
2852
1053
1790
2944
367
1692
1334
2990
2121
2636
2123
1021
418
2930
1684
2457
2462
2829
729
979
2230
2831
2272
1782
449
3017
3040
1886
2323
2301
1901
2346
1341
2573
541
210
1623
2593
1892
1764
434
1671
994
797
219
186
2858
1575
2963
482
2296
806
509
648
1971
223
907
2529
1051
1306
882
2450
1327
2599
1914
487
221
1309
2788
1647
1803
2485
1464
1230
1130
1493
404
1312
2574
961
2253
564
2908
150
2394
1702
2951
444
1666
1957
3000
892
2743
2575
3083
1766
1847
854
2288
2268
278
3029
924
1889
2164
1573
965
3095
934
2239
1976
2913
2567
300
3019
2465
428
2038
745
947
398
2898
975
2263
2679
407
2901
2334
1372
681
832
2753
1706
1059
1554
1194
2045
440
254
1850
2783
306
2619
1998
1953
1548
2317
1670
859
2653
1124
552
2839
1172
3056
1637
1793
2378
1986
111
2496
1969
1681
385
2418
545
2192
1462
889
146
2698
2385
1365
1536
3093
967
2646
2684
2406
251
1634
1526
2452
2336
2598
1898
739
234
2531
1229
382
2278
1280
721
1472
204
2631
354
2122
2262
3018
2111
758
1967
2329
2872
2893
2302
2937
1935
2107
121
1353
2104
331
1729
2304
2101
578
2327
594
494
3078
2490
448
1290
2751
653
138
2801
2857
804
483
2571
1929
1577
1827
839
1595
540
1755
373
2630
697
640
746
1118
1486
688
1830
2225
785
2841
2046
218
2849
3086
900
1340
2685
1628
1821
2171
2006
2180
2273
2227
1664
789
1695
156
3073
2423
2514
2481
1271
413
549
1478
609
2097
827
2676
473
198
3085
910
1968
370
289
2437
2606
3009
1760
1876
1114
1455
2010
2069
829
2221
214
572
468
1701
2540
1531
209
1382
693
276
916
2234
200
2932
2536
249
809
2241
2764
202
2767
2724
318
1098
1362
2568
2103
1142
1083
450
834
2449
780
1632
2083
915
2041
1590
671
1431
878
215
982
936
2494
3037
1831
1345
2856
2541
2016
1897
1540
3064
2269
3022
2479
991
591
2712
53
576
1093
1959
543
1627
1624
1524
104
1939
1013
2139
2362
1599
2980
1277
1018
606
1167
1952
1024
2577
1258
2603
1428
1557
314
1948
928
2979
574
2210
408
557
1674
2544
199
610
1550
2876
1080
1202
1177
743
1146
717
2115
2887
587
2199
863
257
1797
969
2640
305
512
1028
1887
962
840
1090
2100
1918
879
1722
1975
2749
317
225
1347
77
2094
1619
1933
897
338
51
787
956
1479
2545
2587
1321
414
1704
97
742
768
1181
2520
2108
2784
909
513
412
1835
631
110
913
2820
61
1584
3034
1598
2660
2503
741
1326
1439
2715
2860
875
866
1720
1025
1972
873
800
2665
983
2570
327
95
1399
971
1361
2019
2655
55
496
2130
1807
2442
852
2688
1225
2159
2795
2307
3043
1611
2497
2929
94
179
2186
2435
1050
2505
1084
1087
452
277
1226
2718
588
1485
12
536
107
2322
3050
833
3010
904
1691
2507
593
471
129
2703
981
2928
330
1091
753
233
2348
1159
1551
262
1545
894
1443
430
1102
538
236
1742
1097
950
124
93
772
1000
1456
479
2723
930
1304
2281
384
57
5
963
245
1604
143
1932
2161
1089
13
336
2691
2758
2151
696
1322
823
438
2769
2128
2554
106
1746
2138
877
1514
754
946
1209
657
79
807
2432
710
1547
2290
2184
1523
579
1403
621
15
647
2547
125
115
1495
2476
1574
2145
1946
1332
862
2791
2973
2579
1987
139
1457
73
2869
1867
695
140
1873
447
2250
1882
2200
1476
2042
570
2195
1157
2905
1220
2504
888
1227
359
348
1734
2716
938
2987
1068
88
99
2748
676
399
265
243
1449
1607
642
445
2383
868
1252
2817
2213
1906
1046
1529
3032
1166
2411
2387
2260
568
1047
1917
616
3031
1062
1363
368
1392
2414
2542
2926
632
2853
1274
2285
1862
2695
2773
3080
527
2245
2770
1289
2819
1667
309
2287
872
613
723
848
2686
1342
2750
3072
1473
1287
747
1002
819
2067
1578
1544
216
2899
2175
1816
2478
2421
2794
773
172
2343
39
674
542
2605
2659
708
1778
1899
516
2179
347
1143
1268
2428
232
2572
2231
329
1136
1055
2566
1042
1249
677
2845
2134
1435
718
2189
689
1934
2095
481
2150
939
1699
1977
1780
3068
2014
1198
147
1420
2935
1730
1484
1405
2284
1752
2368
1154
2258
2420
311
2866
659
1501
2162
344
2623
2550
1735
698
2964
2208
3090
531
1938
589
1282
2834
2233
436
1032
1769
750
2342
169
1567
1129
639
2707
463
2672
2970
360
2363
1164
1244
637
1596
1869
1494
181
2118
2609
3094
1288
2533
324
2408
1608
2793
72
923
442
284
268
1173
2796
2132
2374
2984
2198
2996
1533
71
624
733
1022
763
505
3071
2033
2998
2217
1218
325
2404
1724
2147
2143
1812
1582
646
96
1818
1412
1922
684
995
985
145
786
2972
1508
2165
1506
2477
1463
2389
419
1081
2528
554
1205
1058
1148
942
2306
50
678
1061
871
2116
2124
491
658
2117
2324
288
2407
1333
190
1662
1583
1751
1284
1739
1377
1223
1314
1649
2683
680
2409
2340
884
652
2921
1798
2976
793
2978
2299
1308
1903
1094
2890
1113
617
1974
1424
1447
1406
2885
1963
141
1048
3070
1820
1846
1765
1126
1243
23
3065
38
3004
2506
3097
24
700
486
83
302
1349
550
2658
2883
2049
2945
1781
2626
2271
1492
381
1923
853
779
1121
205
1844
3062
844
2454
2920
634
378
2224
1293
2484
2975
771
611
722
2141
2464
1008
402
553
951
353
2355
1507
433
461
1519
1629
1836
556
592
1294
2699
2863
2255
1480
2741
2739
2720
2966
798
2782
3048
201
1535
1817
2501
474
731
551
67
416
1267
2808
2738
2582
1587
2276
1800
1128
1613
777
2775
1300
774
525
1561
1913
1020
2400
241
2185
861
847
282
1615
2880
1865
902
801
167
20
2055
2167
1011
1105
3055
2351
332
2372
2244
1427
352
709
630
1652
226
1947
1910
415
130
1748
1017
37
2762
1905
755
98
1954
2153
918
2832
372
363
1111
1446
1185
824
735
977
3061
206
240
2291
597
1468
16
3067
762
1207
1669
2833
2487
2205
2039
2865
455
1673
2099
1211
851
1029
2537
1829
1316
1103
1396
2292
477
2526
2632
1076
1067
89
2639
2851
2737
1305
3053
2948
1776
19
1747
701
2785
2330
49
2711
1251
933
1916
2742
917
1988
410
1908
1073
2441
177
3051
1182
912
2471
1262
2717
1311
2077
2246
2613
870
960
607
2483
2325
220
2977
2517
2349
2417
401
1411
1792
2142
2864
157
1546
45
250
1007
1413
365
2931
1263
1346
2047
2429
2275
1942
537
1965
1313
2318
1630
2308
1237
760
990
1787
1856
1437
782
1426
1184
2522
1625
1810
2569
34
1359
672
2763
2867
724
1943
1949
1240
585
2074
184
2060
2341
3039
1741
1855
2562
2811
2744
2493
42
109
1603
1307
2339
1894
715
2256
769
3101
1348
633
393
1639
2445
28
131
1350
193
1719
2641
148
81
1808
2073
2891
2910
2326
1459
976
1178
478
466
1410
2249
1823
3102
2694
1870
1001
312
625
2361
1404
1824
1815
2319
2835
1791
1646
1896
941
458
1086
2011
10
1711
949
123
2447
3008
2873
1626
2386
668
650
2943
1728
1108
4
2106
891
1203
259
435
1253
1465
149
817
503
1712
2985
2137
1376
1989
376
881
246
1206
2022
2710
598
356
2422
836
2344
379
1549
1232
2677
2236
1919
2381
2958
427
1239
784
1863
1429
636
118
2129
2219
1261
3030
1542
2254
2941
2689
1822
532
1318
1697
2364
1352
1085
1996
328
1217
2558
712
2924
2602
151
2706
1049
3079
2059
59
664
1732
2635
2967
1106
842
7
835
2955
1838
2757
734
705
1247
885
2300
2561
1580
2380
2576
2499
1650
1460
3024
2332
189
2048
761
535
2403
2166
766
3
2563
3087
1286
3005
2696
1423
831
369
1438
1958
349
1364
756
1999
2056
1796
490
2625
2983
1663
3089
1553
727
281
100
2559
417
2228
2443
1371
1418
2624
2960
178
2392
2092
2548
1868
2358
326
1786
3003
2350
2331
1714
2125
358
497
2261
1116
1335
163
2974
2063
2004
1645
2315
2222
2709
2662
1461
3021
539
1291
1768
2091
1759
1497
2612
1993
1155
2220
843
665
394
661
1921
465
519
2398
1122
2172
2900
2772
1592
462
1078
374
2079
560
230
56
596
641
1285
1066
886
459
2886
751
2148
1848
1373
1235
571
2644
1057
558
1378
108
685
396
1466
2297
164
269
2430
126
2895
2194
2397
2889
711
988
1331
105
1640
1338
1139
1301
1487
1982
2907
1278
901
2283
736
1368
656
2035
1216
2747
2226
1610
687
3025
737
2622
1279
2902
1391
690
1398
3060
2634
2252
2247
1757
174
1504
1375
2879
2419
2460
2650
2995
2786
1481
1941
1196
716
1212
1005
2282
492
914
275
451
2088
1570
580
2354
2156
2058
1784
340
2938
2295
2814
3077
1872
1775
1219
1715
2461
2690
1930
2652
224
2642
2844
2311
361
1075
1962
1241
2438
2702
1445
1612
2518
1750
3002
2629
523
2523
1250
2933
2549
948
1016
333
1811
2353
1562
2370
2229
432
423
1123
1888
2611
1063
1193
267
1381
6
2664
1682
546
2013
3015
2126
208
770
321
2062
2312
2521
725
1512
2617
887
1082
1297
2377
228
283
2882
818
2384
1618
720
2776
2000
3052
69
2197
2238
849
2036
14
1600
1802
1789
1890
1694
1014
1591
2595
2946
2802
788
2592
2756
1805
9
2627
1499
905
952
1422
2651
2618
280
2919
21
1019
128
1576
295
60
1215
582
2174
470
2861
1911
1777
2052
855
2848
980
392
485
1269
1370
2136
679
1088
1188
1315
1609
903
2597
1539
299
2098
1421
1109
1707
1601
2277
1642
1298
2015
78
2064
1738
2009
1044
899
2759
2005
409
1246
287
2746
2305
3088
334
2469
955
943
1367
1045
1837
2940
342
883
1973
441
411
263
1980
2991
2969
431
837
2509
2021
1153
2257
566
2084
2657
2812
2701
2527
670
1425
521
2956
1511
1450
2840
2760
2965
258
212
1273
562
2927
92
1961
298
2740
2914
2178
308
2086
454
371
256
2204
1936
2399
294
2903
2868
1208
1568
137
1433
2909
117
1565
1978
1518
2915
2298
600
1602
1616
1581
1079
2971
1483
2534
1170
2488
273
2113
2155
2798
203
998
1654
30
1806
1891
1099
2824
170
2656
2266
1955
805
1686
1168
748
2160
1693
2922
2154
2815
3033
364
2827
489
1530
2043
2207
2822
1135
270
1761
377
2023
2456
1132
1070
1092
2424
2846
187
1379
2482
1414
2321
1928
1636
229
457
1010
1966
1569
2682
1979
2780
1660
1513
1176
2410
2455
171
36
426
1115
159
310
1213
2431
2578
2218
2102
323
752
2565
2854
987
1003
783
1107
1861
1521
0
2733
2237
32
2112
2615
2585
2604
2149
1343
2146
1329
1705
43
1147
544
2427
1069
667
1210
1991
1234
176
247
1034
1841
1758
719
2393
522
1723
2862
796
2489
728
1688
1560
244
838
1344
1878
841
8
2158
1072
1762
429
2918
517
1419
2030
972
2356
757
2176
2633
1964
3092
822
1689
1165
2187
993
1366
345
1828
1945
1036
2546
406
52
2950
675
1937
1319
238
322
530
2293
3035
953
2961
1489
604
2090
1853
1325
2050
1950
816
730
2906
1033
2771
1259
555
2085
158
252
2029
2823
1696
1324
292
2466
2379
2206
2157
3026
919
1753
2405
162
691
2708
1555
1700
2440
2265
2415
82
1161
2498
2669
2700
2031
1877
155
1858
2855
1488
2555
2806
1985
2923
2697
764
375
2680
144
1043
1242
1175
2328
1659
507
2425
1585
2243
1358
2382
1214
1409
984
2309
1292
390
395
906
183
1651
567
136
707
1770
605
2666
1400
612
812
2661
898
2881
510
1295
1183
2778
520
2525
1474
175
506
2713
628
2131
1356
620
2373
1125
3027
2119
2068
2436
405
472
2280
608
629
1503
1920
1522
795
2448
1940
1374
1158
651
1614
2012
1189
134
1152
3063
908
692
3081
1060
2884
1386
291